Sparse Graph Generation duration: 0.193033
Dense Graph Generation duration: 88.2742


***************************Algorithm Set 0******************************* 

#############################Sparse Graph##########################

Dijkstra: Duration without heap : 0.051533
Dijkstra: Distance without heap : 7073
Path : 1102 3048 4145 735 2905 4052 1125 4359 2131 4360 4409 1115 1324 2900 4494 990 714 2371 3968 3743 3762 1472 3281 2253 2208 1212 

Dijkstra: Duration with heap : 0.223816
Dijkstra: Distance with heap : 7073
Path : 1102 3048 4145 735 2905 4052 1125 4359 2131 4360 4409 1115 1324 2900 4494 990 3058 3447 1184 2440 1996 1103 4665 2924 3219 3185 4189 4047 2674 3545 2965 1437 4040 1002 1921 1407 4489 2832 2368 3220 4915 2325 2987 1669 2964 4490 1050 4134 2485 1361 1456 2792 4921 4175 1631 2454 828 4424 3330 1325 3056 3450 670 1029 1971 1983 2319 4430 3271 177 4201 4354 2574 1212 

Kruskal: Duration with heapSort : 0.223816
Kruskal: Distance with heapSort :7073 
Path : 1102 3048 4145 735 2905 4052 1125 4359 2131 4360 4409 1115 1324 2900 4494 990 714 2527 1196 2473 3427 3147 3237 4618 1524 90 3222 3662 3416 4975 1366 1546 86 2076 2771 4304 3845 1060 286 1678 1249 3239 715 198 2959 2623 2039 819 2206 831 914 417 960 3017 674 1940 1212 

#############################Dense Graph##########################

Dijkstra: Duration without heap : 10.0385
Dijkstra: Distance without heap : 9987
Path : 1102 1051 3214 556 2546 1889 2712 4250 3498 4817 4785 4481 1897 4508 498 2279 1212 

Dijkstra: Duration with heap : 12.0714
Dijkstra: Distance with heap : 9987
Path : 1102 1051 3214 1121 1203 3583 1069 2587 1347 4326 3900 4496 3691 4718 3173 816 2411 2421 2976 2971 2225 2620 2992 2454 4405 3100 3282 3666 3048 3274 4635 3115 4566 4042 2784 2678 4869 1814 2435 4637 3139 4216 2298 4287 4800 4600 2244 4508 498 2279 1212 

Kruskal: Duration with heapSort : 12.0714
Kruskal: Distance with heapSort :9987 
Path : 1102 1051 3214 556 2546 1889 2712 4250 3498 4817 4785 4481 1897 4508 498 2279 1212 

***************************Algorithm Set 1******************************* 

#############################Sparse Graph##########################

Dijkstra: Duration without heap : 0.044937
Dijkstra: Distance without heap : 7133
Path : 2838 2334 3337 4101 1713 1148 2716 3444 4757 2519 3635 1947 3569 2364 4917 1828 4036 2202 3792 4650 4456 3055 2799 4029 1336 2636 4243 2329 2721 1637 4140 3526 3093 3234 3831 3425 2514 4291 1282 

Dijkstra: Duration with heap : 0.218638
Dijkstra: Distance with heap : 7133
Path : 2838 2334 3337 4101 1713 1148 2716 3444 4757 2519 3635 1947 3569 2364 4917 1828 4036 2202 3792 4650 4456 3055 2799 4029 1336 2636 4243 2329 2721 1637 4140 3526 3093 3234 3831 3425 2514 4291 1282 

Kruskal: Duration with heapSort : 0.218638
Kruskal: Distance with heapSort :7133 
Path : 2838 2334 3337 4101 1713 1148 2716 3444 2623 2959 198 715 1987 802 1782 1164 545 2141 1002 1921 4591 4936 1282 

#############################Dense Graph##########################

Dijkstra: Duration without heap : 9.99224
Dijkstra: Distance without heap : 9977
Path : 2838 26 876 3833 4911 4875 3767 3138 2236 4711 3274 4635 3115 4566 4042 2784 2678 4869 1814 2435 4637 3139 4216 2298 4287 4800 4600 2244 4508 1897 4481 4785 1310 3460 1830 3493 2855 3951 4437 1043 2657 1332 3491 4296 2210 3902 4229 4372 164 1727 2511 3108 2109 3367 4914 478 1282 

Dijkstra: Duration with heap : 12.0281
Dijkstra: Distance with heap : 9977
Path : 2838 26 876 3833 4911 4875 3767 3138 2236 4711 3274 4635 3115 4566 4042 2784 2678 4869 1814 2435 4637 3139 4216 2298 4287 4800 4600 2244 4508 2881 2479 4716 2794 3182 3007 3101 885 3635 3850 4972 4978 4609 2851 2843 725 2750 2936 1179 4166 1941 4456 569 3346 478 1282 

Kruskal: Duration with heapSort : 12.0281
Kruskal: Distance with heapSort :9977 
Path : 2838 26 876 3833 4685 3376 3321 4560 2238 4856 1101 2088 872 966 142 3635 885 3101 3007 3182 2882 2683 3191 3442 4889 4374 3699 91 3935 4599 2061 3018 3090 277 3724 480 1051 1102 4257 891 3016 2066 2203 4296 2210 3902 4229 4372 164 1727 2511 3108 2109 3367 4914 478 1282 

***************************Algorithm Set 2******************************* 

#############################Sparse Graph##########################

Dijkstra: Duration without heap : 0.040723
Dijkstra: Distance without heap : 3279
Path : 3732 904 899 3838 1983 1971 1029 670 3450 3056 1325 3330 4424 828 1707 3669 4274 2291 2813 4788 3657 897 2924 3219 3185 4189 4047 2674 3545 2965 1437 4391 3158 2370 2227 2434 4826 1008 4982 1863 3635 2519 4757 3444 2623 3448 3882 907 2787 3466 1261 3378 2024 4820 2148 995 2091 2023 4956 4711 1392 4641 3275 2741 2399 4339 249 2496 4858 

Dijkstra: Duration with heap : 0.187028
Dijkstra: Distance with heap : 3279
Path : 3732 904 899 3838 1983 1971 1029 670 3450 3056 1325 3330 4424 828 1707 3669 4274 2291 2813 4788 3657 897 2924 3219 3185 4189 4047 2674 3545 2965 1437 4391 3158 2370 2227 2434 4826 1008 4982 1863 3635 1947 3569 2364 4917 1828 4036 2202 3792 4650 4456 3055 2799 4029 1336 2636 4243 2329 2721 1637 3974 2993 4486 4002 3003 1749 3147 3237 4297 2207 2713 3109 2337 2165 885 2338 3808 2399 4339 249 2496 4858 

Kruskal: Duration with heapSort : 0.187028
Kruskal: Distance with heapSort :3279 
Path : 3732 904 899 3838 1983 1971 1029 670 3450 3056 1325 3330 4424 828 1707 3669 4274 2291 808 4213 73 4308 4246 2575 3895 2399 4339 249 2496 4858 

#############################Dense Graph##########################

Dijkstra: Duration without heap : 9.79026
Dijkstra: Distance without heap : 9985
Path : 3732 215 3402 2829 4892 1104 4907 1396 2006 4291 1552 1069 2587 1347 4326 3900 4496 3691 4499 430 4579 3247 4346 1487 3697 1342 1351 625 3498 4250 2712 1889 2546 556 3214 1051 1102 4257 3201 4862 1515 315 4712 3387 4658 3312 1625 3441 4726 2818 1834 2244 4600 4800 4287 2298 4216 3139 4637 2435 1814 4869 2678 2784 4042 4566 3115 4049 4960 1247 1940 3397 1361 3561 3186 3190 4506 1229 1615 2214 1824 344 1504 1780 581 2815 3987 2191 886 1000 298 1483 4858 

Dijkstra: Duration with heap : 11.6285
Dijkstra: Distance with heap : 9985
Path : 3732 215 3402 2829 4892 1104 4907 1396 2006 4291 1552 1069 2587 1347 2439 4105 4420 3323 2687 3185 4631 2778 3822 1584 3763 2007 4808 1483 4858 

Kruskal: Duration with heapSort : 11.6285
Kruskal: Distance with heapSort :9985 
Path : 3732 215 3402 3353 190 4267 3858 3602 4647 4567 807 2192 2136 3699 91 3935 4599 2061 3018 3090 277 3724 480 1051 1102 4257 3201 4862 1515 315 4712 258 4284 1361 3397 1940 1247 4960 4049 3115 4635 3274 247 694 2002 1728 1603 4928 3263 4385 3469 4413 3296 2736 2273 726 2868 4858 

***************************Algorithm Set 3******************************* 

#############################Sparse Graph##########################

Dijkstra: Duration without heap : 0.037182
Dijkstra: Distance without heap : 5775
Path : 468 3128 4611 1146 3270 272 960 417 914 831 2206 819 2039 2623 2959 198 715 1987 802 1782 1164 545 2141 195 1892 2265 1419 1680 2248 2049 3942 4928 

Dijkstra: Duration with heap : 0.205955
Dijkstra: Distance with heap : 5775
Path : 468 3128 4611 1146 3270 272 960 417 1141 6 2349 4780 4928 

Kruskal: Duration with heapSort : 0.205955
Kruskal: Distance with heapSort :5775 
Path : 468 3128 4611 1146 3270 272 960 417 914 831 2206 819 2039 2623 2959 198 715 1987 802 1782 1164 545 2141 195 1892 2265 1419 1680 2248 2049 3942 4928 

#############################Dense Graph##########################

Dijkstra: Duration without heap : 9.97279
Dijkstra: Distance without heap : 9989
Path : 468 4834 987 1522 3158 2410 3284 1019 2657 1332 313 3289 1008 1879 3263 4928 

Dijkstra: Duration with heap : 11.9436
Dijkstra: Distance with heap : 9989
Path : 468 4834 987 1522 3158 2410 3284 1019 2657 1043 4437 3951 2855 3493 1830 3460 1310 4785 4817 3498 4250 2712 1889 2546 556 3214 1051 1102 4257 891 3016 2066 2203 591 765 1894 3433 3910 4934 3575 2432 3449 4222 4476 4169 1335 1296 79 2060 1363 3907 3376 4685 3833 4911 4875 3767 1554 2989 730 896 1246 1458 743 386 2401 2871 2079 3680 1845 4639 1153 4532 3400 4183 1695 3929 1771 4718 3173 816 2411 2421 2976 2971 2225 2620 2992 2454 4405 3100 427 3437 4403 1841 1717 1161 655 4699 4499 3691 4496 3900 4326 1347 2587 1069 1552 4291 2006 1396 4907 1104 4892 2829 3402 3353 190 4267 3858 3602 4647 4567 807 3790 3232 1314 3186 3190 4506 1229 1615 2214 1824 344 1504 4445 862 696 200 4044 694 2002 1728 1603 4928 

Kruskal: Duration with heapSort : 11.9436
Kruskal: Distance with heapSort :9989 
Path : 468 4834 987 1522 3158 2410 3284 1019 2657 1043 4437 3951 2855 3493 1830 3460 1310 4785 4817 3498 4250 2712 1889 2546 556 3214 1051 1102 4257 3201 4862 1515 315 4712 258 4284 1361 3397 1940 1247 4960 4049 3115 4635 3274 247 694 2002 1728 1603 4928 

***************************Algorithm Set 4******************************* 

#############################Sparse Graph##########################

Dijkstra: Duration without heap : 0.036481
Dijkstra: Distance without heap : 7125
Path : 4555 4758 1771 3896 4224 4109 2686 1304 1796 2754 1731 1448 2908 1250 2910 3565 2194 4244 4916 3447 1184 2440 1996 1103 4665 2924 3219 3185 4189 4047 2674 3545 2965 1437 4391 3158 2370 2227 2434 4826 1008 4982 1863 3635 2519 4757 3444 2623 3448 3882 907 2787 3466 1261 4737 3184 910 3548 1226 552 4646 3255 

Dijkstra: Duration with heap : 0.198977
Dijkstra: Distance with heap : 7125
Path : 4555 4758 1771 3896 4224 4109 2686 1304 1796 2754 1731 1448 2908 1250 2910 3565 2194 4244 4916 3447 1184 2440 1996 1103 4665 2924 3219 3185 4189 4047 2674 3545 2965 1437 4391 3158 2370 2227 2434 4826 1008 4982 1863 3635 2519 4757 3444 2623 3448 3882 907 2787 3466 1261 3378 2024 4820 2148 995 2091 2023 4956 4711 1392 4641 3275 2741 2399 3808 2338 920 2847 3751 889 953 3348 2393 3548 1226 552 4646 3255 

Kruskal: Duration with heapSort : 0.198977
Kruskal: Distance with heapSort :7125 
Path : 4555 4758 1771 3896 4224 4109 2686 1304 1796 2754 1731 1448 2908 1250 2910 4800 4867 4275 2297 218 4871 3598 1161 4030 1171 2473 3427 3147 3237 4618 1524 90 3222 3662 3416 4975 1366 1546 86 2076 2771 4304 3845 1060 286 1678 1249 3239 715 198 2959 2623 3444 4757 2519 3635 1863 4982 1806 463 4802 548 274 3206 405 913 3810 2425 2848 2380 3591 4737 3184 910 3548 1226 552 4646 3255 

#############################Dense Graph##########################

Dijkstra: Duration without heap : 10.054
Dijkstra: Distance without heap : 9987
Path : 4555 3388 4275 300 3155 4173 943 345 2814 2915 3589 2566 1794 2298 4287 4800 4600 2244 1834 2818 4726 3441 1625 3312 4658 3387 4712 315 1515 4862 3201 4257 1102 1051 3214 556 2546 1889 2712 4250 3498 625 1351 1342 3697 1487 4346 3247 4579 430 4499 4699 3478 4323 3252 2697 4894 712 3255 

Dijkstra: Duration with heap : 11.9771
Dijkstra: Distance with heap : 9987
Path : 4555 3388 4275 300 3155 4173 943 345 2814 2915 3589 2566 1794 2298 4216 3139 4637 2435 1814 4869 2678 2784 4042 4566 3115 4635 3274 4711 4526 2520 1052 656 4831 219 2877 4953 3781 3427 3872 2701 480 1051 1102 4257 891 3016 2066 2203 591 765 1894 3433 3910 4934 3575 2344 4802 647 1365 2621 3216 3994 1209 108 4114 4087 2570 1606 1044 3339 4423 3175 2688 506 4757 4744 2723 1430 2699 3358 2643 1617 4922 3363 941 816 3173 4718 3691 4499 4699 3478 4323 3252 2697 4894 712 3255 

Kruskal: Duration with heapSort : 11.9771
Kruskal: Distance with heapSort :9987 
Path : 4555 3388 4275 300 3155 4173 943 345 2814 2915 3589 2566 1794 2298 4287 4800 4600 2244 1834 2818 4726 3441 472 119 3470 2383 537 2702 3776 4604 2843 725 2750 2936 3116 1161 655 4699 3478 4323 3252 2697 4894 712 3255 Program ended with exit code: 0