Sparse Graph Generation duration: 0.189252
Dense Graph Generation duration: 73.1997


***************************Algorithm Set 0******************************* 

#############################Sparse Graph##########################

Dijkstra: Duration without heap : 0.038221
Dijkstra: Distance without heap : 7417
Path : 4511 347 3663 1795 1644 4710 3052 4212 2327 4959 1732 1758 4011 4548 2897 4284 2406 4689 2718 1093 4397 4318 890 2607 3060 3338 807 716 2349 1068 2886 2906 4281 1502 4605 3608 826 2882 1187 1492 3087 855 4430 1873 2274 3274 4460 4627 4846 1707 789 557 2268 3139 1489 1284 888 2464 3801 4582 1582 4837 2297 152 1117 3035 1641 

Dijkstra: Duration with heap : 0.187766
Dijkstra: Distance with heap : 7417
Path : 4511 347 3663 1795 1644 4710 3052 4212 2327 4959 1732 1758 4011 4548 2897 4284 2406 4689 2718 1093 4397 4318 890 2607 3060 3338 807 716 2349 1068 2886 2906 4281 1502 4605 3608 826 2882 1187 1492 3087 855 4430 1873 2274 3274 4460 4627 4846 1707 789 557 2268 3139 1489 1284 888 2464 3801 4582 1582 4837 2297 152 1117 3035 1641 

Kruskal: Duration with heapSort : 0.187766
Kruskal: Distance with heapSort :7417 
Path : 4511 347 3663 1795 1644 4710 3052 4212 2327 4959 1732 2136 4267 3560 3968 1423 906 222 602 1165 4447 336 3072 4167 2075 3881 366 858 4036 1562 3801 4582 1582 4837 2297 152 1117 3035 1641 

#############################Dense Graph##########################

Dijkstra: Duration without heap : 9.38961
Dijkstra: Distance without heap : 9979
Path : 4511 4753 51 4640 2073 833 2330 3044 2663 3378 3418 4823 4755 4972 3690 4854 2308 3835 2139 4535 4414 2574 3790 4395 4477 3012 3612 3655 4437 4020 3058 4494 2152 3914 4274 3351 2223 4003 4634 4977 2090 2258 3652 4035 3251 4266 382 40 565 1641 

Dijkstra: Duration with heap : 11.0119
Dijkstra: Distance with heap : 9979
Path : 4511 4753 51 4640 2073 833 2330 3044 2663 3378 3418 4823 4755 4972 3690 1269 2143 4245 2089 1981 3059 2124 4003 4634 4977 2090 2258 3486 3509 2121 2375 4352 2818 4981 4650 565 1641 

Kruskal: Duration with heapSort : 11.0119
Kruskal: Distance with heapSort :9979 
Path : 4511 4753 51 4640 2073 833 2532 1971 3683 4432 2571 4688 3400 1549 2317 2091 1910 259 4734 3539 382 40 565 1641 

***************************Algorithm Set 1******************************* 

#############################Sparse Graph##########################

Dijkstra: Duration without heap : 0.037709
Dijkstra: Distance without heap : 7667
Path : 4019 3104 1032 539 3981 2612 2200 1208 2400 4526 3510 1343 1620 2372 545 4863 4645 823 1713 4043 584 868 103 1430 3941 922 3918 4036 1562 3801 2464 888 1284 1489 2723 2607 3060 3338 807 4129 4420 4426 3880 247 340 1035 3711 1331 2115 1681 4144 1767 2506 3915 2712 715 

Dijkstra: Duration with heap : 0.183009
Dijkstra: Distance with heap : 7667
Path : 4019 3104 1032 539 3981 2612 2200 1208 2400 4526 3510 1343 1620 2372 545 4863 4645 823 1713 4043 584 868 103 1430 3941 922 3918 4036 1562 3801 2464 1323 3020 1130 2038 1168 2320 1791 1835 3705 2972 1288 3251 1456 1107 3224 4583 3586 3864 4359 4769 3460 144 830 208 1914 2019 4353 163 842 1131 765 4469 3710 4530 2371 3524 2520 1893 3711 1331 2115 1681 4144 1767 2506 3915 2712 715 

Kruskal: Duration with heapSort : 0.183009
Kruskal: Distance with heapSort :7667 
Path : 4019 3104 1032 539 3981 2612 2200 1208 2400 4860 3222 16 1613 4147 4932 1730 4384 2920 42 133 2579 3115 3640 2658 995 3280 3676 2079 3906 506 2403 1287 1299 4287 1294 7 2763 2559 1652 4728 1556 345 2233 4446 50 1068 2349 716 807 3338 3060 2607 890 4318 4397 1093 2718 4689 2406 4284 2897 4548 4011 1758 1732 2136 4267 3560 3968 1423 906 222 602 1165 4447 336 3072 4167 2075 3881 366 858 4036 1562 3801 4582 1582 4837 104 745 860 3525 3602 2797 1341 96 1140 1131 765 3540 4547 1650 2672 4836 1230 1560 2595 740 1500 4275 4006 3711 1331 2115 1681 4144 1767 2506 3915 2712 715 

#############################Dense Graph##########################

Dijkstra: Duration without heap : 8.97733
Dijkstra: Distance without heap : 9975
Path : 4019 1395 4031 1193 4509 2600 4127 4943 3531 2908 4917 3790 4395 4477 3012 3612 3655 4437 4020 4745 3404 4468 3902 3119 3942 4401 4397 3917 4279 3113 4028 3815 4663 4849 4126 4688 4490 4158 4473 3178 4249 3983 3794 4115 4579 4017 4619 4523 3552 3783 3246 4754 2716 2450 3889 4572 3064 3364 3642 2140 715 

Dijkstra: Duration with heap : 11.4767
Dijkstra: Distance with heap : 9975
Path : 4019 1395 4031 1193 4509 2600 4127 4943 3531 2908 4917 3790 4395 4477 3012 3612 3655 4437 4020 4745 3404 4468 3902 3119 3942 4401 4397 3917 4279 3113 4028 3815 4663 4849 4126 4688 4490 4158 4473 3178 4249 3983 3794 4115 4579 4017 4619 4523 3552 3783 3246 4754 3681 4159 2947 4821 3797 3301 2754 4735 3010 4003 4634 3582 4000 4814 3193 4493 2894 3507 4925 4046 4632 4551 4751 2875 3829 3201 2948 4998 4203 4166 1942 3057 2474 2922 4972 4755 4823 2450 3889 4572 3064 3364 3642 2140 715 

Kruskal: Duration with heapSort : 11.4767
Kruskal: Distance with heapSort :9975 
Path : 4019 1395 4031 1193 2213 2470 4698 2185 3662 3105 1301 1329 1227 2597 505 2063 4874 2790 568 1320 3282 2241 840 4957 1891 191 1363 3895 3177 532 3051 2609 856 4342 1918 108 2934 3907 469 2478 4118 3423 3583 3377 1339 3888 4458 1330 1011 4722 2651 3736 841 429 1956 4223 3415 3688 3700 3661 3631 3189 2076 745 902 3887 3794 3983 4249 3178 4473 4158 4490 4688 3400 1549 2317 2091 1910 259 4734 3539 382 220 4347 2261 3642 2140 715 

***************************Algorithm Set 2******************************* 

#############################Sparse Graph##########################

Dijkstra: Duration without heap : 0.044518
Dijkstra: Distance without heap : 6561
Path : 3106 4256 3497 4110 4708 3586 4583 3327 3766 4828 2593 2447 2322 2807 3606 4530 3710 4469 2193 3751 4416 2806 4217 3527 4968 3504 4248 2181 3778 3998 3377 4415 3056 4838 3689 2089 4790 4120 3932 3125 2083 3682 3851 2318 2801 2558 2150 4243 3643 433 498 4918 4943 1397 1986 2689 

Dijkstra: Duration with heap : 0.198731
Dijkstra: Distance with heap : 6561
Path : 3106 4256 3497 4110 4708 3586 4583 3327 3766 4828 2593 2447 2322 2807 3606 4530 3710 4469 2193 3751 4416 2806 4217 3527 4968 3504 4248 2181 3778 3998 3377 4415 3056 4838 3689 2089 4790 4120 3932 3125 2083 3682 3851 2318 2801 2558 2150 4243 3643 433 498 4918 4943 1397 1986 2689 

Kruskal: Duration with heapSort : 0.198731
Kruskal: Distance with heapSort :6561 
Path : 3106 4256 3497 2846 3551 25 3989 3013 161 4248 2181 3778 3998 3377 4728 1652 2559 3687 814 4077 2217 4844 841 4858 1455 433 498 4918 4943 1397 1986 2689 

#############################Dense Graph##########################

Dijkstra: Duration without heap : 10.0981
Dijkstra: Distance without heap : 9983
Path : 3106 1976 960 2168 1064 3333 3698 1808 1843 3204 1833 4596 4579 4115 3794 3983 4249 3178 4473 4158 4490 4688 2571 4432 3683 1971 2532 3597 4057 2138 4141 3933 4540 2636 2325 2675 2016 4381 4972 3690 4854 2308 3835 2139 4535 4414 2574 3790 4395 4477 3012 3612 3655 4437 4020 3058 4494 2152 3914 4274 3351 2223 4003 4634 4977 2090 2258 3652 2584 4029 2689 

Dijkstra: Duration with heap : 13.6923
Dijkstra: Distance with heap : 9983
Path : 3106 1976 960 2168 1064 3333 3698 1808 1843 3204 1833 4596 4579 4115 3794 3983 4249 3178 4473 4158 4490 4688 2571 4432 3683 1971 4255 4973 4898 1714 1726 3783 3552 4523 4619 3357 3422 2212 4461 4665 2258 3652 2584 4029 2689 

Kruskal: Duration with heapSort : 13.6923
Kruskal: Distance with heapSort :9983 
Path : 3106 1976 960 2168 1064 3333 3698 2175 292 1573 1454 3749 4490 4158 4473 3178 4249 3983 3794 3887 902 745 2076 3189 3631 3661 3700 3688 3415 4455 3012 3612 904 444 2879 3073 2675 2016 1511 4372 4756 2227 4003 2124 3059 1981 3752 218 3914 4274 1272 4187 1397 2939 1834 72 1525 2632 2422 4035 3652 2584 4029 2689 

***************************Algorithm Set 3******************************* 

#############################Sparse Graph##########################

Dijkstra: Duration without heap : 0.047413
Dijkstra: Distance without heap : 7295
Path : 1947 4793 2340 4334 1604 1937 1465 2886 2906 2032 3401 3264 3751 2193 4469 2196 4662 4200 

Dijkstra: Duration with heap : 0.232021
Dijkstra: Distance with heap : 7295
Path : 1947 4793 2340 4334 1604 1937 1465 2886 2906 2032 3401 3264 3751 2193 4469 2196 4662 4200 

Kruskal: Duration with heapSort : 0.232021
Kruskal: Distance with heapSort :7295 
Path : 1947 4793 2340 4334 1604 1937 1465 2555 4942 29 565 2764 67 2975 142 4769 3460 144 830 208 1914 2019 4353 163 842 1131 765 3540 4547 1650 2672 4836 1230 1560 2595 740 1500 4275 4006 3711 1893 2520 3524 2371 4530 3710 4469 2196 4662 4200 

#############################Dense Graph##########################

Dijkstra: Duration without heap : 10.5411
Dijkstra: Distance without heap : 9979
Path : 1947 920 4045 2561 4414 3021 3583 3423 4880 2738 4361 3699 3604 4600 3441 2837 2862 4579 4115 3794 3983 4249 3178 4473 4158 4490 4688 4126 2578 2419 4200 

Dijkstra: Duration with heap : 12.2281
Dijkstra: Distance with heap : 9979
Path : 1947 920 4045 2561 4414 2574 3790 4395 4477 3012 3612 3123 3797 4821 2947 4159 3681 4754 2716 2450 4823 4755 4972 2922 2474 2259 2080 1837 1824 3773 3943 4828 2937 2628 2407 4181 2745 4108 3166 3469 4432 2571 4688 4126 2578 2419 4200 

Kruskal: Duration with heapSort : 12.2281
Kruskal: Distance with heapSort :9979 
Path : 1947 920 4045 2561 4787 2370 269 242 1874 1484 1282 1501 2239 1930 2524 3853 2378 805 4076 437 3124 1615 3749 4490 4688 3400 1549 2317 2091 1910 259 4734 3539 382 2578 2419 4200 

***************************Algorithm Set 4******************************* 

#############################Sparse Graph##########################

Dijkstra: Duration without heap : 0.04725
Dijkstra: Distance without heap : 6651
Path : 3683 1811 3179 3648 3988 902 147 1352 2223 302 4849 3118 3161 4484 2103 3953 2313 1537 2118 2248 2968 1676 3168 3485 2937 3405 3989 3896 3326 2303 2988 4860 2400 4834 2852 3763 2256 2828 3346 2264 3606 4530 3710 4469 2193 3751 4416 2806 4217 3527 4968 3504 4248 2181 3778 2628 1053 2638 623 

Dijkstra: Duration with heap : 0.189514
Dijkstra: Distance with heap : 6651
Path : 3683 1811 3179 3648 3988 902 147 1352 2223 302 4849 3118 3161 4484 2103 3953 2313 1537 2118 2248 2968 1676 3168 3485 2937 3405 3989 3896 3326 2303 2988 4860 2400 4834 2852 3763 2256 2828 3346 2264 3606 4530 3710 4469 2193 3751 4416 2806 4217 3527 4968 3504 4248 2181 3778 2628 1053 2638 623 

Kruskal: Duration with heapSort : 0.189514
Kruskal: Distance with heapSort :6651 
Path : 3683 1811 3179 3648 3988 902 147 1352 2223 302 1329 1127 4944 1060 4207 417 3058 2993 1516 4963 789 557 2268 3139 1489 1284 888 2464 3801 4582 1582 4978 4476 59 1415 1053 2638 623 

#############################Dense Graph##########################

Dijkstra: Duration without heap : 9.40191
Dijkstra: Distance without heap : 9989
Path : 3683 4432 2571 4688 4490 3749 1454 1573 292 2175 3698 3333 1064 706 3304 3216 788 3461 2780 1160 1156 1801 3365 750 623 

Dijkstra: Duration with heap : 11.5849
Dijkstra: Distance with heap : 9989
Path : 3683 4432 2571 4688 4490 4158 4473 3178 4249 3983 3794 3887 902 745 2076 3189 3631 3661 3700 3688 3415 4455 3012 3612 904 444 2879 3073 2675 2016 1511 4372 4756 2227 4003 2124 3059 1981 3752 218 3914 2152 950 3301 1211 2398 3798 2301 1339 3377 3583 623 

Kruskal: Duration with heapSort : 11.5849
Kruskal: Distance with heapSort :9989 
Path : 3683 4432 2571 4688 4490 4158 4473 3178 4249 3983 3794 3887 902 745 2076 3189 3631 3661 3700 3688 3415 4223 1956 429 841 3736 2651 4722 1011 1330 4458 3888 1339 3377 3583 3423 4118 2478 469 3907 2934 108 1918 4342 856 2609 3051 532 3177 3279 2598 2674 1694 626 530 1982 2847 4694 3312 750 623 Program ended with exit code: 0