Sparse Graph Generation duration: 0.191435
Dense Graph Generation duration: 79.6365


***************************Algorithm Set 0 ******************************* 

#############################Sparse Graph##########################

Dijkstra: Duration without heap : 0.037572
Dijkstra: Distance without heap : 7445
Path : 1294 4381 2401 1383 3060 3696 4045 1193 980 4119 4517 4374 3500 895 3146 3052 4215 3273 3638 713 2991 1221 3418 3357 3778 1625 2650 1315 4851 1257 599 3726 4442 1183 2304 1317 4815 725 3889 1585 2537 1366 807 2561 2901 1818 2504 3366 1129 2452 993 1926 2595 867 702 472 4940 4958 548 4130 1820 3843 487 3704 3081 3480 3633 1425 2760 3597 2361 4358 1662 1892 760 4408 2611 1373 1063 3562 3476 2506 3725 890 1840 2211 2294 2655 2704 4491 411 4179 3918 3039 3517 3101 2893 1731 579 3593 423 4906 2524 1701 4772 3971 2004 4645 4265 4476 3514 2097 3143 2357 4795 939 4545 3718 4922 2536 4546 3404 3035 1998 163 4070 3466 

Dijkstra: Duration with heap : 0.190299
Dijkstra: Distance with heap : 7445
Path : 1294 4381 2401 1383 3060 3696 4045 1193 980 4119 4517 4374 3500 3722 1572 2588 4297 174 2536 4546 3404 3035 1998 163 4070 3466 

Kruskal: Duration with heapSort : 0.190299
Kruskal: Distance with heapSort :7445 
Path : 1294 4381 2401 1383 3060 3696 4045 1193 980 4119 4517 4374 3500 895 3146 3052 4215 3273 3638 713 2991 1221 3418 3357 3778 1625 2650 1315 4851 1257 599 3726 4442 1183 4608 3346 851 4717 82 2314 4922 3718 4545 939 4795 2357 3143 2097 3514 4476 4265 2163 1824 1049 3951 57 1035 2943 1607 4314 2697 4269 3356 4114 428 561 1997 529 2346 4499 2212 3639 3697 2831 3859 3145 4668 1500 174 2536 4546 3404 3035 1998 163 4070 3466 

#############################Dense Graph##########################

Dijkstra: Duration without heap : 9.72319
Dijkstra: Distance without heap : 9979
Path : 1294 1387 2481 4934 2755 4479 3374 2391 3575 4352 4334 4388 2808 3167 3152 4813 2170 4618 3889 2905 3947 3275 2801 3855 2778 3194 4693 4369 4026 4308 2356 4929 4351 4197 4630 3826 3097 4933 3467 2988 3958 2891 4110 3098 4320 3386 2344 3733 4475 4907 4492 3524 2691 3906 2792 3188 1549 3466 

Dijkstra: Duration with heap : 11.6529
Dijkstra: Distance with heap : 9979
Path : 1294 1387 2481 4934 2755 4479 3374 2391 3575 4352 4334 4388 2808 3167 3152 4813 2170 4618 3889 2905 3947 3275 2801 3855 2778 3194 4693 4369 4026 4308 2356 4929 4351 4197 4630 3826 3097 4933 3467 2988 3958 2891 4110 3098 4320 3386 4361 3241 2511 4416 4318 3345 3337 2777 4607 4214 3888 4995 2961 2514 3637 4374 4600 2677 2476 2901 4064 2416 3656 3414 2872 3310 3287 2548 2668 3127 2267 3732 4871 4612 3659 4246 2946 3076 2792 3906 2691 4029 1446 2118 3031 2233 282 3466 

Kruskal: Duration with heapSort : 11.6529
Kruskal: Distance with heapSort :9979 
Path : 1294 1387 2481 4934 285 2045 2266 2527 3155 3340 4368 3492 3823 660 1657 3742 4781 4286 1026 3949 4351 4929 1406 4008 973 912 389 4937 2357 3269 4333 3964 251 3743 3758 815 442 667 4878 3 3489 1419 4364 2842 2781 3637 2514 2961 4995 3973 947 3535 498 183 2749 3377 3937 3157 1018 3678 3859 2711 713 169 4293 1759 3073 4658 4570 866 1900 2829 4616 1549 3466 

***************************Algorithm Set 1 ******************************* 

#############################Sparse Graph##########################

Dijkstra: Duration without heap : 0.042675
Dijkstra: Distance without heap : 7601
Path : 2188 4177 418 336 807 1366 2537 1585 3889 725 4815 1317 2304 1183 4442 3533 3959 3589 2816 2635 1437 3536 1748 139 2716 3219 1098 4813 1313 1799 62 2729 1681 3498 2793 4598 3148 224 3659 1812 2042 

Dijkstra: Duration with heap : 0.2059
Dijkstra: Distance with heap : 7601
Path : 2188 4177 418 336 807 1366 2537 1585 3889 725 4815 1317 2304 1183 4442 3533 3352 195 3090 3797 4122 1318 1227 3824 2032 3193 1763 4900 474 1516 3651 404 2103 1832 237 1216 731 4226 537 2327 1062 2861 407 3101 3517 3039 3918 4179 411 4491 2704 2655 2294 2211 1840 890 1044 3296 1466 751 3498 2793 4598 3148 224 3659 1812 2042 

Kruskal: Duration with heapSort : 0.2059
Kruskal: Distance with heapSort :7601 
Path : 2188 4177 418 336 807 1366 2537 1585 3889 725 4815 1317 2304 1183 4608 3346 851 4717 82 2314 4922 3718 4545 939 4795 2357 3143 2097 3514 4476 4265 4645 2004 3971 4772 1701 2524 4906 423 3593 579 1132 1189 3219 1098 4813 1313 1799 62 2729 1681 3498 2793 4598 3148 224 3659 1812 2042 

#############################Dense Graph##########################

Dijkstra: Duration without heap : 9.57616
Dijkstra: Distance without heap : 9985
Path : 2188 2279 4368 3492 3823 660 1657 3742 4781 4286 1026 3949 4351 4197 4630 3826 3097 4933 3467 2988 2487 1283 2930 1692 3620 4587 2574 1346 3086 2785 4435 3182 4477 4218 3294 4817 3766 2403 1204 3960 3269 4963 1808 2777 3337 3345 4318 4416 2190 1606 2516 1192 1628 1430 4938 3635 1146 3278 2367 1609 1764 4713 2159 1758 1296 3412 3021 4700 1524 866 4570 4658 3073 2139 4828 1784 1390 1884 1402 874 2959 3950 3745 2491 3629 1702 1286 3535 947 460 195 1603 2213 2603 3255 1399 2042 

Dijkstra: Duration with heap : 11.6096
Dijkstra: Distance with heap : 9985
Path : 2188 2279 4368 3492 3823 660 1657 3742 4781 4286 1026 3949 4351 4197 4630 3826 3097 4933 3467 2988 2487 1283 2930 1692 3620 4587 2574 2585 4415 1227 2489 3718 2254 2622 4959 1970 4394 2618 1984 2843 1178 2743 945 2444 1430 2933 1084 2198 4616 2829 1900 3450 2051 1961 3660 3149 1460 4498 3713 1669 524 4369 4693 3194 3193 1935 780 4191 3042 2835 4730 1429 2859 2774 1399 2042 

Kruskal: Duration with heapSort : 11.6096
Kruskal: Distance with heapSort :9985 
Path : 2188 2279 4368 3492 3823 660 1657 3742 4781 4286 1026 3949 4351 4929 1406 4008 973 912 389 4937 2357 3269 4333 3964 251 3743 3758 815 442 667 4878 3 3489 1419 4364 2842 2781 3637 2514 2961 4995 3973 947 460 195 1603 2213 2603 3255 1399 2042 

***************************Algorithm Set 2 ******************************* 

#############################Sparse Graph##########################

Dijkstra: Duration without heap : 0.046786
Dijkstra: Distance without heap : 6843
Path : 310 2699 1962 4690 4669 4281 1669 3339 4426 4603 344 4987 3746 1109 1216 237 1832 2103 404 3651 1516 474 4900 1763 3193 2032 3824 1227 1318 4122 3797 3090 195 3352 3533 4442 3726 599 1257 4851 1315 2650 1625 3778 3357 3418 1221 2991 713 3638 3273 4215 3052 3146 895 3500 4374 2416 4041 21 3045 1614 

Dijkstra: Duration with heap : 0.198807
Dijkstra: Distance with heap : 6843
Path : 310 2699 1962 4690 4669 4281 1669 3339 4426 4603 344 4987 3746 1109 1216 237 1832 2103 404 3651 1516 474 4900 1763 3193 2032 3824 1227 1318 4122 3797 3090 195 3352 3533 4442 3726 599 1257 4851 1315 2650 1625 3778 3357 3418 1221 2991 713 3638 3273 4215 3052 3146 895 3500 4374 2416 4041 21 3045 1614 

Kruskal: Duration with heapSort : 0.198807
Kruskal: Distance with heapSort :6843 
Path : 310 2699 1962 4690 4669 4281 1669 3339 4426 4603 344 4987 3746 1109 1216 237 1832 2103 404 3651 1516 474 4900 1763 3193 2032 3824 1227 1318 4122 3797 3090 195 3352 3533 4442 3726 599 1257 4851 1315 2650 1625 3778 3357 3418 1221 2991 713 3638 3273 4215 3052 3146 895 3500 4374 2416 4041 21 3045 1614 

#############################Dense Graph##########################

Dijkstra: Duration without heap : 11.1088
Dijkstra: Distance without heap : 9985
Path : 310 4214 3888 4995 2961 2514 3637 2781 2842 4364 3035 4839 2810 2667 4772 4734 4600 2833 1626 4482 1761 4166 3034 1395 4613 3741 3373 4455 2352 2113 1887 2018 4687 1870 3279 3753 2859 2572 4847 4275 4134 4103 4836 2963 2057 1437 1779 3057 3643 3342 4762 1450 2036 2159 1758 4878 4552 2006 2216 4601 2805 4770 4097 2977 2755 3635 4938 1430 2933 2771 2772 4319 2267 3732 4871 468 3371 2496 1740 1614 

Dijkstra: Duration with heap : 14.549
Dijkstra: Distance with heap : 9985
Path : 310 4214 3888 4995 2961 2514 3637 2781 2842 4364 3035 4839 2810 2667 4772 4734 4600 2833 1626 4482 1761 4166 3034 1395 4613 3960 3269 4963 3197 2378 2497 1530 1091 4537 4402 1070 3665 2756 2076 2608 1911 4677 4351 4197 4630 3826 3097 1494 4544 1752 574 4302 4715 4564 3560 4239 390 4377 763 2962 3840 4845 2503 1594 3371 2496 1740 1614 

Kruskal: Duration with heapSort : 14.549
Kruskal: Distance with heapSort :9985 
Path : 310 4214 3888 4995 3973 947 3535 498 4051 1382 524 2178 1532 3685 4728 3356 85 4880 1614 

***************************Algorithm Set 3 ******************************* 

#############################Sparse Graph##########################

Dijkstra: Duration without heap : 0.047578
Dijkstra: Distance without heap : 7361
Path : 537 4226 731 1216 237 1832 2103 404 3651 1516 474 4900 1763 3193 2032 3824 1227 1318 4122 3797 3090 195 3352 3533 4442 1183 4608 3346 851 4717 82 2314 4922 3718 4545 939 4795 2357 3143 2097 3514 4476 4265 4645 1954 1449 512 4053 3410 1248 613 1042 2522 2472 898 2144 704 4436 3600 1239 2827 849 2273 1101 4008 4710 2627 

Dijkstra: Duration with heap : 0.233453
Dijkstra: Distance with heap : 7361
Path : 537 4226 731 1216 237 1832 2103 404 3651 1516 474 4900 1763 3193 2032 3824 1227 1318 4122 3797 3090 195 3352 3533 4442 3726 599 1257 4851 1315 2650 1625 3778 3357 3418 1221 2991 713 3638 3273 4215 3052 3146 895 3500 3722 4048 3537 1826 3022 4594 3280 4538 126 3285 3487 421 2627 

Kruskal: Duration with heapSort : 0.233453
Kruskal: Distance with heapSort :7361 
Path : 537 4226 731 1216 237 1832 2103 404 3651 1516 474 4900 1763 3193 2032 3824 1227 1318 4122 3797 3090 195 3352 3533 4442 1183 4608 3346 851 4717 82 2314 4922 3718 4545 939 4795 2357 3143 2097 3514 4476 4265 4645 1954 1449 512 4053 3410 1248 613 1042 2522 2472 898 2144 704 4436 3600 1239 2827 849 2273 1101 4008 4710 2627 

#############################Dense Graph##########################

Dijkstra: Duration without heap : 11.782
Dijkstra: Distance without heap : 9985
Path : 537 184 2058 3274 2071 1749 4284 4226 4950 3592 2111 4550 3126 1911 4677 4351 4197 4630 3826 3097 4933 2627 

Dijkstra: Duration with heap : 14.4
Dijkstra: Distance with heap : 9985
Path : 537 184 2058 3274 2071 1749 4284 4226 4950 3592 2111 4550 3126 1911 4677 4351 4197 4630 3826 3097 4933 2627 

Kruskal: Duration with heapSort : 14.4
Kruskal: Distance with heapSort :9985 
Path : 537 184 2058 3274 2071 1749 4284 4226 4950 2737 2945 4331 671 4636 2695 2381 597 3090 1481 2082 4890 4410 818 2622 2254 4968 543 647 2959 3950 3745 2491 3629 1702 1286 3535 498 183 2749 3377 3937 3157 1018 3678 3859 2711 713 169 1935 780 4191 3042 2835 4730 1429 2859 4087 300 3734 4933 2627 

***************************Algorithm Set 4 ******************************* 

#############################Sparse Graph##########################

Dijkstra: Duration without heap : 0.056877
Dijkstra: Distance without heap : 6175
Path : 3115 3335 2869 3512 3273 3638 713 2991 1221 3418 3357 3778 1625 2650 1315 4851 1257 599 3726 4442 3533 3352 195 3090 3797 4122 1318 1227 3824 2032 3193 1763 4900 474 1516 3651 404 2103 1832 237 1216 1109 3746 4987 344 4603 4426 3339 1929 17 2534 894 3815 1116 447 3527 1565 544 

Dijkstra: Duration with heap : 0.233472
Dijkstra: Distance with heap : 6175
Path : 3115 3335 2869 3512 3273 3638 1461 59 3309 637 2394 4062 1329 3353 1331 1086 4394 4941 3909 2235 427 3268 4106 3215 1085 2048 2586 1858 3397 248 1517 205 346 335 3815 1116 447 3527 1565 544 

Kruskal: Duration with heapSort : 0.233472
Kruskal: Distance with heapSort :6175 
Path : 3115 3335 2869 3512 3273 3638 713 2991 1221 3418 3357 3778 1625 2650 1315 4851 1257 599 3726 4442 3533 3352 195 3090 3797 4122 1318 1227 3824 2032 3193 1763 4900 474 1516 3651 404 2103 1832 237 1216 1109 3746 4987 344 4603 4426 3339 1929 17 2534 894 3815 1116 447 3527 1565 544 

#############################Dense Graph##########################

Dijkstra: Duration without heap : 11.0643
Dijkstra: Distance without heap : 9963
Path : 3115 3792 4272 3697 3817 4144 4922 3866 3757 4017 4984 4469 4116 4646 3824 4314 4684 3751 3905 4598 4600 4374 3637 544 

Dijkstra: Duration with heap : 11.3818
Dijkstra: Distance with heap : 9963
Path : 3115 3792 4272 3697 3817 4144 4922 3866 3757 4017 4984 4469 4116 4646 3824 4314 4684 3751 3905 4598 4600 4374 3637 544 

Kruskal: Duration with heapSort : 11.3818
Kruskal: Distance with heapSort :9963 
Path : 3115 3792 3420 3149 3660 1961 2051 3450 1900 866 4570 4658 3073 1759 4293 169 713 2711 3859 3678 1018 3157 3937 3377 2749 183 498 3535 1286 1702 3629 2491 3745 3950 2959 647 543 4968 2254 4916 3408 4338 1507 644 2791 3114 125 1395 4613 3741 3373 4455 1529 1550 1705 2816 3366 996 499 544 Program ended with exit code: 0