Sparse Graph Generation duration: 0.207765
Dense Graph Generation duration: 75.5342


***************************Algorithm Set 0 ******************************* 

#############################Sparse Graph##########################

Dijkstra: Duration without heap : 0.052412
Dijkstra: Distance without heap : 7797
Path : 163 3201 2111 2336 3225 232 30 4009 4369 1553 781 829 1917 2795 2871 1886 2417 2339 2853 3342 3387 3667 1027 504 1459 1383 3552 808 1532 3195 814 1254 3448 1313 3549 3759 945 2785 1583 4095 4006 4783 1642 3244 1199 1157 3137 807 4842 2014 3086 332 1088 3974 3361 432 4618 3843 4273 3456 3643 1689 3272 692 3472 1065 2332 4990 3635 

Dijkstra: Duration with heap : 0.204851
Dijkstra: Distance with heap : 7797
Path : 163 3201 2111 2336 3225 232 30 4009 4369 1553 781 829 1917 2795 2871 1886 2417 2339 2853 3342 3387 3667 1027 504 1459 1383 3552 808 1532 3195 814 1254 3448 1313 3549 3759 945 2785 1583 4095 4006 4783 1642 3244 1199 1157 3137 807 4842 2014 3086 332 1088 3974 3361 432 4618 3843 4273 3456 3643 1689 3272 692 3472 1065 2332 4990 3635 

Kruskal: Duration with heapSort : 0.204851
Kruskal: Distance with heapSort :7797 
Path : 163 3201 2111 2336 3225 232 30 4009 4369 1553 781 829 1917 2795 2871 1886 2417 2339 2853 3342 3387 3667 1027 504 1459 1383 3552 808 1532 3195 814 1254 3448 1313 3549 3759 2008 1193 2880 2156 1614 3967 2480 656 367 2466 3534 1501 3316 4666 4958 4993 1405 2164 71 4921 2526 622 1189 1796 1370 4618 3843 4273 3456 3643 1689 3272 692 3472 1065 2332 4990 3635 

#############################Dense Graph##########################

Dijkstra: Duration without heap : 9.80008
Dijkstra: Distance without heap : 9983
Path : 163 999 3991 2092 2560 1672 4363 1215 3406 4052 2927 2063 701 4356 2283 4882 3400 2868 4131 2756 3621 3233 3966 1990 1747 3007 1917 2232 4466 2501 2636 1783 3345 2629 3091 4379 4519 3243 3994 3206 2647 2715 3006 4141 1367 3635 

Dijkstra: Duration with heap : 11.1778
Dijkstra: Distance with heap : 9983
Path : 163 999 3991 2092 2560 1672 4363 1215 3406 4052 2927 2063 701 4356 2283 2257 4311 4881 2599 1454 3147 2968 3827 3392 2789 3691 3153 4071 4519 4379 3091 2629 1813 1825 2444 4067 4464 4852 4283 4551 4147 2527 2002 4922 1726 1178 1716 4582 4861 943 4278 3264 4322 3618 4894 2837 4145 1774 3824 1470 3097 4649 1361 3151 3661 3201 859 3154 1487 564 3635 

Kruskal: Duration with heapSort : 11.1778
Kruskal: Distance with heapSort :9983 
Path : 163 999 3991 2092 2560 1672 4363 1215 3406 261 4264 2249 4557 4448 3084 605 4655 1439 443 1765 2869 1725 497 2426 1965 3819 1063 2444 1825 1813 2629 3091 4379 4519 4071 3153 3691 2789 2292 3023 2803 1751 3778 4637 470 925 374 2599 4881 4311 105 1656 3876 2410 55 4093 146 3164 2866 4958 896 3254 1980 1553 4324 429 1293 2644 2561 2122 1120 4284 222 516 3635 

***************************Algorithm Set 1 ******************************* 

#############################Sparse Graph##########################

Dijkstra: Duration without heap : 0.035964
Dijkstra: Distance without heap : 6185
Path : 2864 2363 4453 965 4612 2646 2843 4858 2284 2598 3499 4059 4043 3065 4735 3397 3570 4351 4425 3218 3008 2392 4688 3323 4515 4625 4687 4128 2111 1997 2134 1156 1492 2460 

Dijkstra: Duration with heap : 0.175931
Dijkstra: Distance with heap : 6185
Path : 2864 2363 4453 965 4612 2646 2843 4858 2284 2598 3499 4059 4043 3065 4735 3397 3570 4351 4425 3218 3008 2392 4688 3323 4515 4625 4687 4128 2111 1997 2134 1156 1492 2460 

Kruskal: Duration with heapSort : 0.175931
Kruskal: Distance with heapSort :6185 
Path : 2864 2363 4453 965 4612 2646 2843 4858 939 409 4582 2810 124 3582 1042 2656 1879 796 3597 844 8 970 1383 1459 504 1027 3667 3387 3342 2853 2339 2417 1886 2871 2795 1917 829 781 56 3046 2460 

#############################Dense Graph##########################

Dijkstra: Duration without heap : 11.7062
Dijkstra: Distance without heap : 9977
Path : 2864 800 4648 3839 2333 4573 3104 3811 1464 2869 4065 2757 2019 3847 3524 1698 4882 2283 1185 2060 4911 1170 4590 600 1248 2460 

Dijkstra: Duration with heap : 15.1055
Dijkstra: Distance with heap : 9977
Path : 2864 800 4648 3839 1277 4908 4476 3147 2968 3827 3392 2789 3691 3153 4071 4519 4379 3091 2629 3345 1783 2636 2501 4466 2232 1917 3007 1747 1990 2851 4793 3048 3975 1529 4627 4590 600 1248 2460 

Kruskal: Duration with heapSort : 15.1055
Kruskal: Distance with heapSort :9977 
Path : 2864 800 4648 3839 4917 1790 323 2494 4293 296 4692 3079 4466 2232 1917 3007 1747 1990 2851 4793 3048 3975 1529 4627 4590 600 1248 2460 

***************************Algorithm Set 2 ******************************* 

#############################Sparse Graph##########################

Dijkstra: Duration without heap : 0.048639
Dijkstra: Distance without heap : 7143
Path : 1951 3007 4516 850 103 4788 587 4596 4359 2719 4965 4404 4673 1381 939 409 4582 2810 124 3582 1042 2656 1879 839 3769 4987 4839 1589 87 4079 4558 223 1677 3738 2323 1985 4711 100 4090 2504 3768 4479 1643 2053 418 4410 1000 2711 1835 3999 4897 1808 2480 3967 1614 2156 2880 456 1692 4616 3685 4217 2075 4913 110 4351 3238 196 760 4401 2249 1167 2657 337 3204 981 4122 4434 

Dijkstra: Duration with heap : 0.179146
Dijkstra: Distance with heap : 7143
Path : 1951 3007 4516 850 103 4788 587 4596 4359 2719 4965 4404 4673 1381 939 409 4582 2810 124 3582 1042 2656 1879 839 3769 4987 4839 1589 87 4079 4558 223 390 4424 852 1448 88 688 2321 4118 200 1583 2785 945 3759 2008 1193 2880 456 1692 4616 3685 4217 2075 4913 110 4351 3238 196 760 4401 2249 1167 2657 337 3204 981 4122 4434 

Kruskal: Duration with heapSort : 0.179146
Kruskal: Distance with heapSort :7143 
Path : 1951 3007 4516 850 103 4788 587 4596 4359 2719 4965 4404 4673 1381 939 409 4582 2810 124 3582 1042 2656 1879 796 3597 844 8 970 1383 3552 808 1532 3195 814 1254 3448 1313 3549 3759 2008 1193 2880 456 1692 4616 3685 4217 2075 4913 110 4351 3238 196 760 4401 2249 1167 2657 337 3204 981 4122 4434 

#############################Dense Graph##########################

Dijkstra: Duration without heap : 10.9722
Dijkstra: Distance without heap : 9979
Path : 1951 3559 3318 3354 2664 2899 3501 4173 2753 4057 4612 4224 2590 3446 2903 1554 4434 

Dijkstra: Duration with heap : 13.7457
Dijkstra: Distance with heap : 9979
Path : 1951 3559 930 2903 1554 4434 

Kruskal: Duration with heapSort : 13.7457
Kruskal: Distance with heapSort :9979 
Path : 1951 3559 930 1170 4911 2060 1185 1437 1742 2434 1251 4894 2837 4145 4624 215 3895 4356 2283 2257 3567 906 3860 2071 4778 3937 1833 784 469 2474 904 2256 2037 2367 2880 3819 1063 2444 1825 1813 2629 3345 2857 3962 1731 1692 4090 309 493 926 1637 4900 187 3354 3318 2368 3722 168 3377 3752 181 903 2223 4187 1090 4884 586 3333 1171 3054 648 3075 4434 

***************************Algorithm Set 3 ******************************* 

#############################Sparse Graph##########################

Dijkstra: Duration without heap : 0.036431
Dijkstra: Distance without heap : 7665
Path : 494 3119 814 1254 3448 1313 3549 3759 2008 1193 2880 456 1692 4616 3685 4217 2075 4913 110 4351 4425 3218 1650 3279 549 4753 

Dijkstra: Duration with heap : 0.209714
Dijkstra: Distance with heap : 7665
Path : 494 3119 814 1254 3448 1313 3549 3759 2008 1193 2880 2156 1614 3967 2480 656 367 2466 3534 1501 3316 4666 4958 4993 1405 2164 71 4921 2526 622 1189 190 4392 1631 3618 2761 1551 2778 2127 3315 289 3586 1070 2336 2111 3201 2615 4241 4753 

Kruskal: Duration with heapSort : 0.209714
Kruskal: Distance with heapSort :7665 
Path : 494 3119 814 1254 3448 1313 3549 3759 2008 1193 2880 456 1692 4616 3685 4217 2075 4913 110 4351 4425 3218 1650 3279 549 4753 

#############################Dense Graph##########################

Dijkstra: Duration without heap : 10.2495
Dijkstra: Distance without heap : 9977
Path : 494 1021 3667 1949 3084 4448 4557 3363 3273 3240 3735 4418 4781 4851 3014 4442 2795 4550 4059 4753 

Dijkstra: Duration with heap : 11.654
Dijkstra: Distance with heap : 9977
Path : 494 1021 3667 1949 3084 4448 4557 3363 3273 3240 3735 4418 4781 4851 3014 4442 2795 4550 4059 4753 

Kruskal: Duration with heapSort : 11.654
Kruskal: Distance with heapSort :9977 
Path : 494 1021 3667 1949 3084 605 4655 1439 443 1765 2869 1725 497 2426 1965 3819 1063 2444 1825 1813 2629 3345 1783 2636 1757 3243 3994 3206 4753 

***************************Algorithm Set 4 ******************************* 

#############################Sparse Graph##########################

Dijkstra: Duration without heap : 0.050217
Dijkstra: Distance without heap : 5889
Path : 967 1402 4157 1787 3028 1980 4820 4843 4945 3033 3505 3974 1088 2487 1229 

Dijkstra: Duration with heap : 0.181616
Dijkstra: Distance with heap : 5889
Path : 967 1402 4157 1787 3028 1980 4820 4843 4945 3033 3505 3974 1088 2487 1229 

Kruskal: Duration with heapSort : 0.181616
Kruskal: Distance with heapSort :5889 
Path : 967 1402 4157 1787 4951 1104 4731 2587 216 1137 4333 1141 650 1962 4233 4170 3912 167 129 2939 2311 3648 1588 275 2340 1357 744 1444 2421 1097 2050 2263 1818 3386 3720 4515 3137 807 4842 2014 3086 332 1088 2487 1229 

#############################Dense Graph##########################

Dijkstra: Duration without heap : 11.2815
Dijkstra: Distance without heap : 9987
Path : 967 3899 4269 3742 919 1539 3067 3652 1486 1514 746 2755 1889 4390 846 2412 4810 2075 2609 3966 3233 3621 2756 2134 2367 2880 3819 1063 2444 1825 1813 2629 3091 3263 3990 2762 3135 3708 4062 3244 2364 2082 2704 2822 4051 3945 4676 3860 1950 1723 2758 4580 2905 971 1229 

Dijkstra: Duration with heap : 11.4136
Dijkstra: Distance with heap : 9987
Path : 967 3899 4269 3742 919 1539 3067 3652 1486 1514 746 2755 1889 4390 846 2412 4810 2075 2609 3966 3233 3621 2756 2134 2367 2880 3819 1063 2444 1825 1813 2629 3091 3263 3990 2762 3135 3708 4062 3244 2364 2082 2704 2822 4051 3945 4676 3860 1950 1723 2758 4580 2905 971 1229 

Kruskal: Duration with heapSort : 11.4136
Kruskal: Distance with heapSort :9987 
Path : 967 3899 4269 3742 919 1539 3067 983 624 1922 2037 2256 904 2474 469 784 1833 3937 4778 2071 3860 1950 1723 2758 4575 2490 4494 789 1274 732 1902 1957 3730 1372 4511 4653 172 1601 2204 1465 2462 965 1229 Program ended with exit code: 0