Sparse Graph Generation duration: 0.207873
Dense Graph Generation duration: 75.6517


***************************Algorithm Set 0 ******************************* 

#############################Sparse Graph##########################

Dijkstra: Duration without heap : 0.051211
Dijkstra: Distance without heap : 7945
Path : 2631 511 34 4349 2487 4017 4336 1228 4425 2179 110 4142 1877 1198 4084 3943 4197 1506 2249 4616 1821 3193 3812 2242 381 3080 1626 1812 3524 201 3616 1727 2815 3141 2985 703 1698 3850 2852 4241 413 3733 

Dijkstra: Duration with heap : 0.250841
Dijkstra: Distance with heap : 7945
Path : 2631 511 34 4349 2487 4017 4336 1228 4425 2179 110 4142 1877 1198 4084 3943 4197 1506 2249 4616 1821 3193 3812 2242 381 3080 1626 1812 3524 201 3616 1727 2815 3141 2985 703 1698 3850 2852 4241 413 3733 

Kruskal: Duration with heapSort : 0.250841
Kruskal: Distance with heapSort :7945 
Path : 2631 511 34 4349 2487 4017 4336 1228 4425 2179 110 4142 1877 1198 4084 3943 4197 1506 2249 4616 1821 3193 3812 2242 381 3080 1626 1812 3524 201 3616 1727 2815 3141 2985 703 1698 3850 2852 4241 413 3733 

#############################Dense Graph##########################

Dijkstra: Duration without heap : 9.47133
Dijkstra: Distance without heap : 9935
Path : 2631 1582 3059 4077 4788 4707 4277 4363 4211 4571 4646 4126 4981 4326 4664 4752 4270 4763 4942 4597 4653 4133 4513 4624 4637 4912 4818 4119 4176 4104 4291 4539 4647 4604 4809 4738 4965 4225 4649 4189 4253 3926 3733 

Dijkstra: Duration with heap : 11.6872
Dijkstra: Distance with heap : 9935
Path : 2631 1582 3059 4077 4788 4707 4277 4363 4211 4571 4646 4126 4981 4326 4664 4752 4270 4763 4942 4597 4653 4133 4513 4624 4637 4912 4818 4119 4176 4104 4291 4539 4647 4604 4809 4738 4236 4603 4452 4796 4994 4703 4246 4893 4456 4807 4243 4971 4213 4233 4715 4983 3698 4244 3574 4791 4235 3733 

Kruskal: Duration with heapSort : 11.6872
Kruskal: Distance with heapSort :9935 
Path : 2631 1582 787 3506 2420 950 1025 2895 3782 683 1374 519 3050 1061 693 246 4367 3172 386 4494 839 3349 2576 2714 2085 2746 1323 1091 333 3601 1855 376 1262 2467 3421 1461 3733 

***************************Algorithm Set 1 ******************************* 

#############################Sparse Graph##########################

Dijkstra: Duration without heap : 0.045552
Dijkstra: Distance without heap : 7275
Path : 1718 4576 1200 6 3679 413 3733 2712 565 1427 2962 1704 932 3417 2170 1584 3383 1707 2478 764 2588 4862 2384 1632 1623 4726 4976 1263 4759 1758 1087 1771 4972 1904 4057 3099 4363 3523 596 2239 1047 3516 1656 3283 4796 4848 4020 4760 1227 2172 2439 2693 1604 2321 1960 831 4893 1037 1371 3201 1529 3156 4421 1765 749 2411 2181 2041 4677 2193 707 

Dijkstra: Duration with heap : 0.205884
Dijkstra: Distance with heap : 7275
Path : 1718 4576 1200 6 3679 413 3733 2712 565 1427 2962 1704 932 3417 2170 1584 3383 1707 2478 764 2588 4862 2384 1632 1623 4726 4976 1263 4759 1758 1087 1771 4972 1904 4057 3099 4363 3523 596 2239 1047 3516 1656 3283 4796 4848 4020 4760 1227 2172 2439 2693 1604 2321 1960 831 4893 1037 1371 3201 1529 3156 4421 1765 749 2411 2181 2041 4677 2193 707 

Kruskal: Duration with heapSort : 0.205884
Kruskal: Distance with heapSort :7275 
Path : 1718 4576 1200 6 3679 413 4241 2852 3850 1698 703 2985 3141 2815 1727 3616 201 3524 1812 1626 3080 381 2242 3812 3193 1821 4616 2249 1506 4197 3943 4084 1198 1877 4142 110 2179 4425 1228 4336 4017 2487 4349 34 2953 836 1972 3774 2234 1120 4168 1826 2180 1141 4421 1765 749 2411 2181 2041 4677 2193 707 

#############################Dense Graph##########################

Dijkstra: Duration without heap : 9.8535
Dijkstra: Distance without heap : 9985
Path : 1718 413 2 3905 3280 4754 1485 2229 3426 3156 3820 4673 1132 1060 2320 1318 4646 1049 2287 4484 1190 3447 1088 4271 707 

Dijkstra: Duration with heap : 11.9521
Dijkstra: Distance with heap : 9985
Path : 1718 413 37 4428 2603 4971 2452 4143 2469 2312 2958 983 4670 3418 2550 4480 3542 3742 4585 2843 4392 3290 1396 2397 2362 1484 4965 1878 1583 2714 2085 2746 1323 4974 2811 3063 2270 631 1988 4328 2274 2428 935 4742 1306 874 1854 2240 4969 4271 707 

Kruskal: Duration with heapSort : 11.9521
Kruskal: Distance with heapSort :9985 
Path : 1718 413 2 3905 3280 4754 1485 2229 3426 3156 3820 4673 1132 1060 2320 1318 4646 1049 2287 4484 1190 3447 1088 4271 707 

***************************Algorithm Set 2 ******************************* 

#############################Sparse Graph##########################

Dijkstra: Duration without heap : 0.035292
Dijkstra: Distance without heap : 7213
Path : 3331 3962 1815 3944 1878 3275 1134 2657 1765 3028 1206 1653 4186 2417 2911 3045 1708 4111 3943 4197 1506 2249 4616 1821 3193 3812 4460 3167 1923 4868 1014 1034 1791 4742 1678 3353 1326 4917 3952 3701 2144 4190 2797 1222 

Dijkstra: Duration with heap : 0.211385
Dijkstra: Distance with heap : 7213
Path : 3331 3962 1815 3944 1878 3275 1134 2657 1765 3028 1206 1653 4186 2417 2911 3045 1708 4111 3943 4197 1506 2249 4616 1821 3193 3812 4460 3167 1923 4868 1014 1034 1791 4742 1678 3353 1326 4917 3952 3701 2144 4190 2797 1222 

Kruskal: Duration with heapSort : 0.211385
Kruskal: Distance with heapSort :7213 
Path : 3331 3962 1815 3944 2758 1705 1354 1465 3658 860 1313 4016 173 1648 2122 4223 4532 1894 1835 1460 1330 1803 2517 4925 2685 1429 4221 342 545 4271 1588 3291 3424 1877 4142 110 806 624 2177 4994 291 4099 4120 4834 827 4448 1222 

#############################Dense Graph##########################

Dijkstra: Duration without heap : 9.79255
Dijkstra: Distance without heap : 9981
Path : 3331 1842 2092 1950 4186 4595 4545 859 4401 3986 3821 3457 3958 2541 4969 4271 2696 4037 4920 3171 4163 3501 3940 1178 4136 2929 1222 

Dijkstra: Duration with heap : 12.1533
Dijkstra: Distance with heap : 9981
Path : 3331 1842 2092 1950 4186 4595 4545 859 4401 3986 3821 3457 3958 2541 4969 4271 2696 4037 4920 3171 4163 3501 3940 1178 4136 2929 1222 

Kruskal: Duration with heapSort : 12.1533
Kruskal: Distance with heapSort :9981 
Path : 3331 1842 2092 1950 4186 4595 4545 859 4704 4412 3313 4381 117 2257 1609 4096 2657 133 1852 3613 4339 698 4974 1323 2746 2085 2714 3144 3143 3840 4939 2293 2244 193 800 221 1384 4679 305 1178 4136 2929 1222 

***************************Algorithm Set 3 ******************************* 

#############################Sparse Graph##########################

Dijkstra: Duration without heap : 0.049923
Dijkstra: Distance without heap : 7123
Path : 4102 1524 4451 1953 3109 1287 2567 3458 3845 3956 3668 4169 2434 1676 3426 1242 3201 1371 1037 4893 831 1960 2321 1604 2693 2439 2172 1227 4760 2910 2612 2502 3602 1333 3049 1548 4453 4963 4204 2228 2630 1509 2798 491 3938 3696 1338 3029 4139 1460 1330 1803 2517 4925 2685 3422 424 1249 4011 3041 3608 625 4846 3654 654 3762 1131 1156 3300 868 3713 3723 1905 2417 1198 1877 4142 110 2179 4425 1228 4336 4017 2487 4349 2694 944 2701 3890 

Dijkstra: Duration with heap : 0.249777
Dijkstra: Distance with heap : 7123
Path : 4102 1524 4451 1953 3109 1287 2567 3458 3845 3956 3668 4169 2434 1676 3544 3384 4153 2234 3774 1972 836 2953 34 4349 2694 944 2701 3890 

Kruskal: Duration with heapSort : 0.249777
Kruskal: Distance with heapSort :7123 
Path : 4102 1524 4451 1953 3109 1287 2567 3458 3845 3956 2782 3747 3885 1120 2234 3774 1972 836 2953 34 4349 2694 944 2701 3890 

#############################Dense Graph##########################

Dijkstra: Duration without heap : 9.7026
Dijkstra: Distance without heap : 9979
Path : 4102 4728 2870 4821 3942 4622 2735 3796 2438 4321 4266 2503 3635 3825 3636 3145 3624 2047 4759 3023 3890 

Dijkstra: Duration with heap : 12.0673
Dijkstra: Distance with heap : 9979
Path : 4102 4728 3316 3075 4060 4138 4832 4643 4969 4271 3846 4126 4646 2440 2947 3768 3919 3986 3948 4431 3473 2533 4994 4796 4452 4195 3022 4917 2772 3037 4690 4112 4438 4144 1919 2091 3676 4886 3794 3170 2574 4588 4337 4859 4099 3172 3476 3090 3871 4338 1737 3964 3993 4412 4704 2084 4479 3805 2502 3879 3089 3630 4482 4071 2580 2738 3979 3724 2893 3274 4058 3735 4026 4670 3418 2550 4480 3542 3742 4585 2843 4392 2643 4819 4129 3840 3143 3144 2714 2576 3943 3215 2819 2139 2881 4490 2332 3501 3940 3033 2365 3625 3988 2504 4357 2316 3108 2467 3421 1461 3733 3926 1682 4206 3528 1693 2558 2582 3209 4269 3097 4944 3169 4705 3056 4848 4858 4110 3433 3481 3550 3890 

Kruskal: Duration with heapSort : 12.0673
Kruskal: Distance with heapSort :9979 
Path : 4102 4728 3316 3075 4060 4138 280 4062 2860 3203 122 171 3445 3068 4801 2685 2679 3137 1270 4158 4144 4438 4112 614 3278 123 2532 4563 1161 1611 2678 4530 3023 3890 

***************************Algorithm Set 4 ******************************* 

#############################Sparse Graph##########################

Dijkstra: Duration without heap : 0.03483
Dijkstra: Distance without heap : 6285
Path : 3908 2686 3791 4534 1047 3516 1656 3283 4796 4848 4020 4760 1227 2172 2439 2693 1604 2321 1960 831 4457 777 4683 633 336 2157 3275 1499 1916 2151 1212 4592 3446 3083 1935 3111 3496 650 1768 3776 41 1019 2625 1064 1132 2493 4417 493 3707 4912 1864 1674 3457 4138 1998 3045 2911 2417 1905 3723 3713 868 3300 1156 1131 3762 654 3654 3135 598 303 209 4513 1187 1510 2135 4860 2999 4156 

Dijkstra: Duration with heap : 0.192115
Dijkstra: Distance with heap : 6285
Path : 3908 2686 3791 4534 1047 3516 1656 3283 4796 4848 4020 4760 1227 2172 2439 2693 1604 2321 1960 831 4457 777 4683 633 336 2157 3275 1499 1916 2151 1212 4592 3446 3083 1935 3111 3496 650 1768 3776 41 1019 2625 1064 1132 2493 4417 493 3707 4912 1864 1674 3457 4138 1998 3045 2911 2417 1905 3723 3713 868 3300 1156 1131 3762 654 3654 3135 598 303 209 4513 1187 1510 2135 4860 2999 4156 

Kruskal: Duration with heapSort : 0.192115
Kruskal: Distance with heapSort :6285 
Path : 3908 2686 3791 4534 1047 3516 1656 3283 4796 4848 4020 4760 1227 2172 2439 2693 1604 2321 1960 831 4457 777 4683 633 336 2157 3275 1499 1916 2151 1212 4592 3446 3083 1935 3111 3496 650 1768 3776 41 1019 2625 1064 1132 2493 4417 493 3707 4912 1864 1674 3457 4138 1998 3045 2911 2417 1905 3723 3713 868 3300 1156 1131 3762 654 3654 3135 598 303 209 4513 1187 1510 2135 4860 2999 4156 

#############################Dense Graph##########################

Dijkstra: Duration without heap : 8.88444
Dijkstra: Distance without heap : 9975
Path : 3908 1089 2931 1783 1505 4507 3897 3116 3729 1904 3395 1999 3299 4561 3308 4976 3470 1416 2500 4789 2568 2749 3929 4131 2130 3966 2022 2505 1486 1702 1485 2229 3426 1820 1836 3385 1414 4049 3996 4156 

Dijkstra: Duration with heap : 11.0219
Dijkstra: Distance with heap : 9975
Path : 3908 1089 2931 2697 3372 3619 1661 4621 3569 4067 1858 2588 3724 2893 3274 2359 3653 2616 3685 2436 4267 2777 768 1023 4275 2215 2851 3426 1820 1836 3385 1414 4049 3996 4156 

Kruskal: Duration with heapSort : 11.0219
Kruskal: Distance with heapSort :9975 
Path : 3908 1089 2931 1938 1396 3290 3021 2381 2796 2135 2745 25 1061 693 281 601 433 637 2358 1231 746 535 1419 2376 4809 4604 4802 2242 206 1190 4484 2287 1049 4646 1318 2320 1060 1132 4673 3820 3156 3426 1820 1836 3385 1414 4049 3996 4156 Program ended with exit code: 0